node_stack_top = 0.0, 2.16506, 0.0, 0.0, 1.0, 0.0, 3, 1
node_stack_bottom = 0.0, -2.16506, 0.0, 0.0, -1.0, 0.0, 3, 1
node_attach = 2.5, 0.0, 0.0, 1.0, 0.0, 0.0, 2, 1

attachRules = 1,1,1,1,0
