node_stack_topfrontleft = -1.08926, 1.08926, -1.08926, 0.57735, -0.57735, 0.57735, 0, 1
node_stack_topfrontright = 1.08926, 1.08926, -1.08926, -0.57735, -0.57735, 0.57735, 0, 1
node_stack_topbackleft = -1.08926, 1.08926, 1.08926, 0.57735, -0.57735, -0.57735, 0, 1
node_stack_topbackright = 1.08926, 1.08926, 1.08926, -0.57735, -0.57735, -0.57735, 0, 1
node_stack_bottomfrontleft = -1.08926, -1.08926, -1.08926, 0.57735, 0.57735, 0.57735, 0, 1
node_stack_bottomfrontright = 1.08926, -1.08926, -1.08926, -0.57735, 0.57735, 0.57735, 0, 1
node_stack_bottombackleft = -1.08926, -1.08926, 1.08926, 0.57735, 0.57735, -0.57735, 0, 1
node_stack_bottombackright = 1.08926, -1.08926, 1.08926, -0.57735, 0.57735, -0.57735, 0, 1
node_stack_left = -1.5, 0.0, 0.0, -1.0, 0.0, 0.0, 2, 1
node_stack_right = 1.5, 0.0, 0.0, 1.0, 0.0, 0.0, 2, 1
node_stack_front = 0.0, 0.0, -1.5, 0.0, 0.0, -1.0, 2, 1
node_stack_back = 0.0, 0.0, 1.5, 0.0, 0.0, 1.0, 2, 1
node_stack_top = 0.0, 1.5, 0.0, 0.0, 1.0, 0.0, 2, 1
node_stack_bottom = 0.0, -1.5, 0.0, 0.0, -1.0, 0.0, 2, 1
node_attach = 0.0, 0.0, 0.0, 0.0, 1.0, 0.0, 0, 1

attachRules = 1,0,1,1,1
