node_stack_top = 0.0, 0.11719, 0.0, 0.0, 1.0, 0.0, 1, 1
node_stack_bottom = 0.0, -0.11719, 0.0, 0.0, -1.0, 0.0, 1, 1
node_attach = 0.3125, 0.0, 0.0, 1.0, 0.0, 0.0, 0, 1

attachRules = 1,1,1,1,0
